Classification Report:
              precision    recall  f1-score   support

           0       0.78      0.78      0.78      1011
           1       0.86      0.87      0.87      1003
           2       0.64      0.68      0.66       986
           3       0.54      0.55      0.55       962
           4       0.71      0.69      0.70       999
           5       0.67      0.64      0.66      1017
           6       0.81      0.82      0.81       992
           7       0.80      0.76      0.78      1008
           8       0.82      0.85      0.84      1005
           9       0.85      0.83      0.84      1017

    accuracy                           0.75     10000
   macro avg       0.75      0.75      0.75     10000
weighted avg       0.75      0.75      0.75     10000
