Classification Report:
              precision    recall  f1-score   support

           0       0.82      0.87      0.84      1011
           1       0.92      0.90      0.91      1051
           2       0.74      0.71      0.72       985
           3       0.63      0.58      0.61       983
           4       0.73      0.80      0.76       968
           5       0.73      0.65      0.69       975
           6       0.83      0.87      0.85      1022
           7       0.87      0.85      0.86       987
           8       0.88      0.89      0.88       996
           9       0.85      0.90      0.88      1022

    accuracy                           0.80     10000
   macro avg       0.80      0.80      0.80     10000
weighted avg       0.80      0.80      0.80     10000
