-----------------------------------------------------
PCA n_components = 0.8
SVM Validation Accuracy: 0.7789
Classification Report:
              precision    recall  f1-score   support

           0       0.80      0.84      0.82      1011
           1       0.89      0.87      0.88      1051
           2       0.70      0.70      0.70       985
           3       0.58      0.59      0.58       983
           4       0.71      0.75      0.73       968
           5       0.69      0.64      0.67       975
           6       0.85      0.82      0.84      1022
           7       0.85      0.81      0.83       987
           8       0.85      0.87      0.86       996
           9       0.87      0.86      0.87      1022

    accuracy                           0.78     10000
   macro avg       0.78      0.78      0.78     10000
weighted avg       0.78      0.78      0.78     10000

-----------------------------------------------------
PCA n_components = 0.7
SVM Validation Accuracy: 0.7746
Classification Report:
              precision    recall  f1-score   support

           0       0.81      0.83      0.82      1011
           1       0.88      0.86      0.87      1051
           2       0.68      0.70      0.69       985
           3       0.56      0.58      0.57       983
           4       0.74      0.74      0.74       968
           5       0.68      0.65      0.66       975
           6       0.83      0.82      0.83      1022
           7       0.85      0.81      0.83       987
           8       0.85      0.87      0.86       996
           9       0.87      0.86      0.86      1022

    accuracy                           0.77     10000
   macro avg       0.77      0.77      0.77     10000
weighted avg       0.78      0.77      0.77     10000
