PCA n_compoents=0.75

-----------------------------------------------------
C=6, kernel='rbf', gamma='scale'
SVM Validation Accuracy: 0.7788
Classification Report:
              precision    recall  f1-score   support

           0       0.80      0.84      0.82      1011
           1       0.89      0.87      0.88      1051
           2       0.69      0.70      0.69       985
           3       0.57      0.58      0.58       983
           4       0.73      0.75      0.74       968
           5       0.69      0.64      0.66       975
           6       0.84      0.83      0.83      1022
           7       0.86      0.81      0.83       987
           8       0.85      0.87      0.86       996
           9       0.87      0.86      0.87      1022

    accuracy                           0.78     10000
   macro avg       0.78      0.78      0.78     10000
weighted avg       0.78      0.78      0.78     10000

-----------------------------------------------------
C=10, kernel='rbf', gamma='scale'
SVM Validation Accuracy: 0.7792
Classification Report:
              precision    recall  f1-score   support

           0       0.80      0.84      0.82      1011
           1       0.89      0.87      0.88      1051
           2       0.69      0.70      0.70       985
           3       0.57      0.58      0.58       983
           4       0.73      0.75      0.74       968
           5       0.69      0.64      0.67       975
           6       0.84      0.83      0.83      1022
           7       0.85      0.81      0.83       987
           8       0.85      0.87      0.86       996
           9       0.88      0.86      0.87      1022

    accuracy                           0.78     10000
   macro avg       0.78      0.78      0.78     10000
weighted avg       0.78      0.78      0.78     10000

-----------------------------------------------------
C=12, kernel='rbf', gamma='scale'
SVM Validation Accuracy: 0.7792
Classification Report:
              precision    recall  f1-score   support

           0       0.80      0.84      0.82      1011
           1       0.89      0.87      0.88      1051
           2       0.69      0.70      0.70       985
           3       0.57      0.58      0.58       983
           4       0.73      0.75      0.74       968
           5       0.69      0.64      0.67       975
           6       0.84      0.83      0.83      1022
           7       0.85      0.81      0.83       987
           8       0.85      0.87      0.86       996
           9       0.88      0.86      0.87      1022

    accuracy                           0.78     10000
   macro avg       0.78      0.78      0.78     10000
weighted avg       0.78      0.78      0.78     10000

-----------------------------------------------------
C=9, kernel='rbf', gamma='scale'
SVM Validation Accuracy: 0.7792
Classification Report:
              precision    recall  f1-score   support

           0       0.80      0.84      0.82      1011
           1       0.89      0.87      0.88      1051
           2       0.69      0.70      0.70       985
           3       0.57      0.58      0.58       983
           4       0.73      0.75      0.74       968
           5       0.69      0.64      0.67       975
           6       0.84      0.83      0.83      1022
           7       0.85      0.81      0.83       987
           8       0.85      0.87      0.86       996
           9       0.88      0.86      0.87      1022

    accuracy                           0.78     10000
   macro avg       0.78      0.78      0.78     10000
weighted avg       0.78      0.78      0.78     10000

-----------------------------------------------------
C=9, kernel='poly', gamma='scale'
SVM Validation Accuracy: 0.7587
Classification Report:
              precision    recall  f1-score   support

           0       0.84      0.80      0.82      1011
           1       0.87      0.86      0.87      1051
           2       0.71      0.61      0.66       985
           3       0.57      0.51      0.54       983
           4       0.62      0.80      0.70       968
           5       0.70      0.60      0.65       975
           6       0.75      0.85      0.80      1022
           7       0.87      0.81      0.84       987
           8       0.85      0.85      0.85       996
           9       0.80      0.88      0.84      1022

    accuracy                           0.76     10000
   macro avg       0.76      0.76      0.76     10000
weighted avg       0.76      0.76      0.76     10000