Classification Report:
              precision    recall  f1-score   support

           0       0.84      0.86      0.85      2358
           1       0.91      0.90      0.90      2264
           2       0.73      0.72      0.73      2317
           3       0.65      0.69      0.67      2372
           4       0.77      0.79      0.78      2300
           5       0.74      0.72      0.73      2336
           6       0.86      0.85      0.85      2328
           7       0.87      0.82      0.84      2291
           8       0.88      0.90      0.89      2209
           9       0.88      0.87      0.88      2223

    accuracy                           0.81     22998
   macro avg       0.81      0.81      0.81     22998
weighted avg       0.81      0.81      0.81     22998
